0 276 326 227 368 331 471 256 463 226 397 63 261 395 278 398 427 69 262 526 213 337 471 397 386 338 222 508 107 270 301 375 214 220 447 331 229 465 199 486 485 230 157 341 349 63 187 313 260 334 177 186 147 415 180 246 246 197 332 305 202 296 395 454 392 277 202 431 171 236
276 0 214 139 103 162 198 120 177 146 208 65 164 272 168 201 212 49 90 294 151 165 254 216 154 126 172 287 87 167 175 135 102 86 252 181 126 240 162 251 214 139 76 211 130 42 168 144 184 174 91 153 76 193 75 148 186 75 136 186 81 146 200 215 252 115 139 280 141 105
326 214 0 155 211 197 250 116 231 163 232 42 156 282 194 199 275 39 150 310 132 190 278 217 206 166 172 304 67 141 184 165 116 133 236 183 126 281 112 294 272 112 90 191 175 50 143 205 149 173 82 121 81 236 132 118 166 77 150 187 93 203 246 281 274 156 131 254 122 135
227 139 155 0 151 146 203 132 151 176 171 55 171 186 149 193 158 52 126 225 143 144 248 206 132 115 142 241 76 141 106 142 115 119 228 170 132 209 127 217 189 152 70 178 136 56 135 167 175 192 107 181 65 193 90 98 100 60 86 144 103 143 223 193 183 127 134 224 123 130
368 103 211 151 0 209 295 177 323 97 237 62 140 226 170 242 267 45 163 322 100 200 273 210 239 240 86 309 98 154 123 241 187 130 296 171 120 282 101 288 311 119 99 221 278 73 92 177 129 192 119 118 80 243 97 157 103 124 202 173 164 195 244 278 224 238 147 242 86 146
331 162 197 146 209 0 279 141 268 168 236 55 193 242 159 265 222 58 137 317 128 177 275 238 236 188 114 300 70 208 162 191 156 90 271 237 168 252 113 295 273 180 108 192 150 53 139 172 164 200 94 131 71 208 160 150 197 135 180 202 90 150 247 280 207 185 117 256 94 158
471 198 250 203 295 279 0 226 366 142 320 63 216 306 207 315 341 67 220 418 144 253 366 311 302 288 150 406 100 197 221 308 186 208 363 259 187 387 146 380 388 201 164 267 312 52 151 250 183 245 169 153 148 318 174 181 178 172 238 254 178 244 294 362 291 222 167 326 127 190
256 120 116 132 177 141 226 0 201 95 154 55 107 152 113 167 213 57 124 213 95 167 199 168 155 181 81 206 67 131 89 189 141 107 201 141 104 209 76 206 217 77 86 152 184 39 98 93 106 154 105 87 89 142 76 79 87 107 165 87 152 115 170 196 128 139 109 181 90 102
463 177 231 151 323 268 366 201 0 131 309 46 169 296 226 300 315 53 202 408 125 259 358 303 332 256 130 397 65 191 222 324 181 177 352 226 197 359 128 374 383 170 177 285 278 61 128 233 158 259 153 126 153 310 159 176 153 185 306 221 153 198 283 355 290 218 146 319 92 188
226 146 163 176 97 168 142 95 131 0 178 60 142 257 146 173 145 45 84 237 151 131 259 209 125 119 226 243 74 160 267 99 85 88 219 158 122 205 148 230 209 159 81 154 107 77 156 176 215 184 98 141 70 189 86 103 166 70 101 149 59 156 211 176 192 113 103 217 158 123
397 208 232 171 237 236 320 154 309 178 0 53 217 318 220 292 299 67 194 360 173 224 349 299 241 228 191 362 95 231 230 248 161 133 332 228 160 344 149 350 325 184 88 233 197 59 187 224 213 276 127 187 74 259 124 197 201 134 224 206 109 168 313 326 290 206 164 319 145 177
63 65 42 55 62 55 63 55 46 60 53 0 63 52 35 66 60 59 61 63 56 79 63 90 42 54 68 55 63 55 66 52 56 52 70 58 52 55 47 43 50 74 52 55 47 37 58 75 77 61 46 47 42 51 56 46 70 50 55 54 43 58 46 55 50 59 66 53 66 51
261 164 156 171 140 193 216 107 169 142 217 63 0 257 167 192 194 81 124 233 152 199 286 232 188 131 190 265 89 167 154 164 127 121 257 204 154 258 157 277 244 148 88 158 178 54 140 208 182 219 124 155 78 181 85 165 147 102 137 198 96 111 219 227 222 135 121 235 193 109
395 272 282 186 226 242 306 152 296 257 318 52 257 0 249 319 285 77 132 380 197 280 393 321 272 197 252 358 83 194 275 216 149 131 362 283 210 357 188 379 333 230 101 270 181 55 220 260 246 311 117 215 89 266 123 188 266 128 202 235 106 208 345 350 321 161 159 338 179 202
278 168 194 149 170 159 207 113 226 146 220 35 167 249 0 203 203 46 86 274 125 157 272 211 141 150 187 262 56 148 197 131 117 86 220 174 139 247 168 276 239 113 75 206 133 63 175 178 134 171 63 142 55 206 82 172 175 73 113 178 103 116 205 228 254 116 145 241 128 118
398 201 199 193 242 265 315 167 300 173 292 66 192 319 203 0 284 66 152 365 182 214 334 303 239 217 200 373 78 170 249 244 173 134 330 286 191 310 162 340 330 184 99 244 213 47 125 248 238 250 103 140 115 274 103 192 183 141 218 245 110 211 283 298 311 189 142 320 154 210
427 212 275 158 267 222 341 213 315 145 299 60 194 285 203 284 0 51 177 385 173 262 348 304 268 274 138 364 81 201 164 266 185 147 333 227 165 360 153 349 347 135 92 214 245 54 139 217 205 232 133 114 102 297 122 160 174 124 282 243 154 213 282 336 286 225 170 306 131 138
69 49 39 52 45 58 67 57 53 45 67 59 81 77 46 66 51 0 56 63 70 73 74 75 57 57 72 70 69 43 87 58 51 62 71 81 62 81 53 95 67 63 51 40 35 47 80 62 85 74 57 58 62 60 52 38 70 68 52 62 42 51 67 72 49 63 51 68 74 52
262 90 150 126 163 137 220 124 202 84 194 61 124 132 86 152 177 56 0 220 130 105 199 140 168 153 93 212 84 123 100 231 149 99 200 121 90 209 75 188 228 91 96 117 183 62 62 98 88 149 98 77 62 190 89 82 78 109 148 92 101 113 177 184 132 148 116 146 91 100
526 294 310 225 322 317 418 213 408 237 360 63 233 380 274 365 385 63 220 0 239 327 421 350 335 294 235 479 123 247 292 333 204 176 407 344 222 417 215 451 435 229 119 332 298 69 216 300 225 331 146 220 120 372 164 251 248 167 288 298 195 281 370 419 383 244 196 403 206 234
213 151 132 143 100 128 144 95 125 151 173 56 152 197 125 182 173 70 130 239 0 147 202 193 134 119 181 201 80 132 147 132 98 84 185 159 128 213 112 203 166 131 64 159 111 62 132 127 161 174 87 136 79 144 92 109 134 79 123 118 60 137 192 187 177 114 144 169 146 97
337 165 190 144 200 177 253 167 259 131 224 79 199 280 157 214 262 73 105 327 147 0 275 239 200 201 167 300 106 160 157 203 124 155 317 265 199 295 119 281 271 160 94 197 177 50 160 211 186 237 130 132 85 254 103 151 168 149 181 205 114 211 233 278 253 126 110 274 123 159
471 254 278 248 273 275 366 199 358 259 349 63 286 393 272 334 348 74 199 421 202 275 0 399 297 261 214 430 75 279 296 266 203 139 397 289 232 414 229 465 390 248 104 293 245 56 220 269 284 344 123 233 84 328 128 239 262 155 255 277 139 229 359 373 348 229 198 385 222 210
397 216 217 206 210 238 311 168 303 209 299 90 232 321 211 303 304 75 140 350 193 239 399 0 230 211 212 374 85 226 248 221 176 153 358 236 232 360 186 409 325 209 93 247 191 47 199 221 234 282 88 162 78 284 144 182 200 123 204 222 104 199 309 303 312 187 144 341 167 161
386 154 206 132 239 236 302 155 332 125 241 42 188 272 141 239 268 57 168 335 134 200 297 230 0 231 132 320 109 158 187 269 118 142 276 197 144 302 90 323 330 142 117 189 221 72 121 224 142 205 169 99 101 257 122 158 147 108 204 199 103 192 258 286 223 188 142 258 111 141
338 126 166 115 240 188 288 181 256 119 228 54 131 197 150 217 274 57 153 294 119 201 261 211 231 0 104 280 88 158 126 238 167 142 263 199 159 259 96 254 275 122 90 176 220 38 84 139 142 191 112 90 123 226 83 130 124 122 225 216 169 170 229 256 185 196 100 209 112 140
222 172 172 142 86 114 150 81 130 226 191 68 190 252 187 200 138 72 93 235 181 167 214 212 132 104 0 263 86 131 239 105 92 83 194 184 127 228 148 224 183 167 86 156 112 44 181 212 173 209 92 189 77 144 91 142 211 87 126 127 59 107 168 178 206 93 90 221 210 113
508 287 304 241 309 300 406 206 397 243 362 55 265 358 262 373 364 70 212 479 201 300 430 374 320 280 263 0 103 248 296 314 190 188 410 311 206 407 217 471 441 223 114 301 286 64 195 320 266 315 140 234 97 351 156 247 240 161 277 283 156 243 353 406 365 215 192 410 158 213
107 87 67 76 98 70 100 67 65 74 95 63 89 83 56 78 81 69 84 123 80 106 75 85 109 88 86 103 0 64 78 107 63 120 93 99 78 104 50 97 109 102 69 98 71 50 95 80 113 82 92 68 74 84 62 54 104 72 82 88 68 74 75 101 66 92 73 74 106 74
270 167 141 141 154 208 197 131 191 160 231 55 167 194 148 170 201 43 123 247 132 160 279 226 158 158 131 248 64 0 153 147 111 70 234 193 137 250 107 258 220 144 76 151 157 50 110 161 163 201 87 114 90 209 100 164 146 112 146 161 119 126 184 214 212 165 128 259 126 148
301 175 184 106 123 162 221 89 222 267 230 66 154 275 197 249 164 87 100 292 147 157 296 248 187 126 239 296 78 153 0 129 97 117 270 206 138 278 167 307 246 198 69 161 95 50 180 236 203 229 81 194 91 183 83 163 178 102 145 157 91 149 233 225 249 148 103 270 150 162
375 135 165 142 241 191 308 189 324 99 248 52 164 216 131 244 266 58 231 333 132 203 266 221 269 238 105 314 107 147 129 0 158 179 262 221 111 303 79 285 317 117 169 184 219 78 98 171 147 199 145 101 140 233 133 114 127 92 234 155 124 173 228 280 190 200 135 231 105 173
214 102 116 115 187 156 186 141 181 85 161 56 127 149 117 173 185 51 149 204 98 124 203 176 118 167 92 190 63 111 97 158 0 94 193 124 105 176 110 195 211 100 107 163 142 39 81 131 136 168 106 114 92 136 90 118 82 100 154 146 130 98 201 211 155 161 117 161 85 91
220 86 133 119 130 90 208 107 177 88 133 52 121 131 86 134 147 62 99 176 84 155 139 153 142 142 83 188 120 70 117 179 94 0 148 108 78 166 84 144 187 90 89 110 130 67 97 120 115 102 115 97 108 124 86 82 112 101 114 116 81 153 158 161 119 106 88 135 87 109
447 252 236 228 296 271 363 201 352 219 332 70 257 362 220 330 333 71 200 407 185 317 397 358 276 263 194 410 93 234 270 262 193 148 0 309 200 360 195 412 380 223 104 281 240 48 222 270 276 327 144 202 118 313 136 218 245 169 227 262 146 223 329 375 307 265 180 404 190 180
331 181 183 170 171 237 259 141 226 158 228 58 204 283 174 286 227 81 121 344 159 265 289 236 197 199 184 311 99 193 206 221 124 108 309 0 197 309 175 298 287 236 104 224 149 49 135 206 230 232 89 167 78 227 86 189 160 150 180 207 102 190 284 249 265 155 125 313 181 185
229 126 126 132 120 168 187 104 197 122 160 52 154 210 139 191 165 62 90 222 128 199 232 232 144 159 127 206 78 137 138 111 105 78 200 197 0 215 165 225 221 145 63 161 95 44 113 146 160 164 97 81 76 166 89 90 116 104 125 127 68 120 175 201 146 127 76 180 146 131
465 240 281 209 282 252 387 209 359 205 344 55 258 357 247 310 360 81 209 417 213 295 414 360 302 259 228 407 104 250 278 303 176 166 360 309 215 0 176 411 371 197 103 261 262 59 196 283 268 304 127 192 81 319 140 247 227 171 259 260 134 249 348 356 358 200 159 393 203 202
199 162 112 127 101 113 146 76 128 148 149 47 157 188 168 162 153 53 75 215 112 119 229 186 90 96 148 217 50 107 167 79 110 84 195 175 165 176 0 214 175 138 83 153 111 40 123 123 136 183 86 167 73 130 92 118 141 61 121 131 55 90 217 155 178 86 102 187 142 100
486 251 294 217 288 295 380 206 374 230 350 43 277 379 276 340 349 95 188 451 203 281 465 409 323 254 224 471 97 258 307 285 195 144 412 298 225 411 214 0 432 247 121 313 261 55 211 280 256 338 121 242 82 328 160 212 265 175 247 302 149 252 387 414 394 216 199 420 155 218
485 214 272 189 311 273 388 217 383 209 325 50 244 333 239 330 347 67 228 435 166 271 390 325 330 275 183 441 109 220 246 317 211 187 380 287 221 371 175 432 0 204 135 285 272 69 157 252 227 276 112 139 118 344 152 207 201 143 261 270 155 231 352 389 308 232 183 371 151 183
230 139 112 152 119 180 201 77 170 159 184 74 148 230 113 184 135 63 91 229 131 160 248 209 142 122 167 223 102 144 198 117 100 90 223 236 145 197 138 247 204 0 106 155 82 48 150 168 209 231 70 139 76 190 86 115 145 70 108 167 65 137 220 172 206 150 87 218 138 142
157 76 90 70 99 108 164 86 177 81 88 52 88 101 75 99 92 51 96 119 64 94 104 93 117 90 86 114 69 76 69 169 107 89 104 104 63 103 83 121 135 106 0 86 85 54 76 91 79 86 90 54 103 101 77 76 72 72 119 89 53 93 111 121 89 99 98 95 76 86
341 211 191 178 221 192 267 152 285 154 233 55 158 270 206 244 214 40 117 332 159 197 293 247 189 176 156 301 98 151 161 184 163 110 281 224 161 261 153 313 285 155 86 0 219 47 165 193 146 203 95 146 104 215 86 160 150 167 171 229 99 158 267 309 238 165 123 299 144 124
349 130 175 136 278 150 312 184 278 107 197 47 178 181 133 213 245 35 183 298 111 177 245 191 221 220 112 286 71 157 95 219 142 130 240 149 95 262 111 261 272 82 85 219 0 65 82 148 113 157 126 110 122 216 90 141 110 122 226 147 162 182 210 251 197 168 121 207 74 113
63 42 50 56 73 53 52 39 61 77 59 37 54 55 63 47 54 47 62 69 62 50 56 47 72 38 44 64 50 50 50 78 39 67 48 49 44 59 40 55 69 48 54 47 65 0 44 57 58 58 65 69 55 52 46 46 50 53 48 49 55 44 47 68 47 63 51 57 50 54
187 168 143 135 92 139 151 98 128 156 187 58 140 220 175 125 139 80 62 216 132 160 220 199 121 84 181 195 95 110 180 98 81 97 222 135 113 196 123 211 157 150 76 165 82 44 0 138 203 191 93 147 112 110 82 113 196 63 108 98 64 108 191 174 195 103 97 234 158 104
313 144 205 167 177 172 250 93 233 176 224 75 208 260 178 248 217 62 98 300 127 211 269 221 224 139 212 320 80 161 236 171 131 120 270 206 146 283 123 280 252 168 91 193 148 57 138 0 183 215 111 144 97 223 100 124 180 116 175 222 91 168 244 240 232 170 125 261 132 150
260 184 149 175 129 164 183 106 158 215 213 77 182 246 134 238 205 85 88 225 161 186 284 234 142 142 173 266 113 163 203 147 136 115 276 230 160 268 136 256 227 209 79 146 113 58 203 183 0 215 91 177 60 164 86 122 175 86 146 169 97 151 250 207 203 135 96 247 195 116
334 174 173 192 192 200 245 154 259 184 276 61 219 311 171 250 232 74 149 331 174 237 344 282 205 191 209 315 82 201 229 199 168 102 327 232 164 304 183 338 276 231 86 203 157 58 191 215 215 0 115 199 92 223 102 174 206 124 198 193 95 190 260 275 252 179 161 289 185 133
177 91 82 107 119 94 169 105 153 98 127 46 124 117 63 103 133 57 98 146 87 130 123 88 169 112 92 140 92 87 81 145 106 115 144 89 97 127 86 121 112 70 90 95 126 65 93 111 91 115 0 77 70 136 97 73 78 47 100 88 85 101 128 134 112 111 91 96 108 71
186 153 121 181 118 131 153 87 126 141 187 47 155 215 142 140 114 58 77 220 136 132 233 162 99 90 189 234 68 114 194 101 114 97 202 167 81 192 167 242 139 139 54 146 110 69 147 144 177 199 77 0 61 118 78 100 168 60 100 134 63 104 199 181 188 103 101 208 107 107
147 76 81 65 80 71 148 89 153 70 74 42 78 89 55 115 102 62 62 120 79 85 84 78 101 123 77 97 74 90 91 140 92 108 118 78 76 81 73 82 118 76 103 104 122 55 112 97 60 92 70 61 0 98 86 70 89 76 119 74 78 97 57 105 72 99 76 85 91 74
415 193 236 193 243 208 318 142 310 189 259 51 181 266 206 274 297 60 190 372 144 254 328 284 257 226 144 351 84 209 183 233 136 124 313 227 166 319 130 328 344 190 101 215 216 52 110 223 164 223 136 118 98 0 151 182 188 142 220 217 141 224 258 314 290 181 129 310 131 173
180 75 132 90 97 160 174 76 159 86 124 56 85 123 82 103 122 52 89 164 92 103 128 144 122 83 91 156 62 100 83 133 90 86 136 86 89 140 92 160 152 86 77 86 90 46 82 100 86 102 97 78 86 151 0 58 81 81 129 90 54 114 116 166 109 90 102 124 82 95
246 148 118 98 157 150 181 79 176 103 197 46 165 188 172 192 160 38 82 251 109 151 239 182 158 130 142 247 54 164 163 114 118 82 218 189 90 247 118 212 207 115 76 160 141 46 113 124 122 174 73 100 70 182 58 0 157 66 116 140 100 115 177 193 230 119 95 215 101 120
246 186 166 100 103 197 178 87 153 166 201 70 147 266 175 183 174 70 78 248 134 168 262 200 147 124 211 240 104 146 178 127 82 112 245 160 116 227 141 265 201 145 72 150 110 50 196 180 175 206 78 168 89 188 81 157 0 68 118 171 68 128 204 191 214 100 128 273 174 116
197 75 77 60 124 135 172 107 185 70 134 50 102 128 73 141 124 68 109 167 79 149 155 123 108 122 87 161 72 112 102 92 100 101 169 150 104 171 61 175 143 70 72 167 122 53 63 116 86 124 47 60 76 142 81 66 68 0 104 86 78 103 134 153 112 64 61 134 73 124
332 136 150 86 202 180 238 165 306 101 224 55 137 202 113 218 282 52 148 288 123 181 255 204 204 225 126 277 82 146 145 234 154 114 227 180 125 259 121 247 261 108 119 171 226 48 108 175 146 198 100 100 119 220 129 116 118 104 0 150 133 164 197 238 182 160 130 209 123 103
305 186 187 144 173 202 254 87 221 149 206 54 198 235 178 245 243 62 92 298 118 205 277 222 199 216 127 283 88 161 157 155 146 116 262 207 127 260 131 302 270 167 89 229 147 49 98 222 169 193 88 134 74 217 90 140 171 86 150 0 77 179 240 259 214 146 137 257 131 135
202 81 93 103 164 90 178 152 153 59 109 43 96 106 103 110 154 42 101 195 60 114 139 104 103 169 59 156 68 119 91 124 130 81 146 102 68 134 55 149 155 65 53 99 162 55 64 91 97 95 85 63 78 141 54 100 68 78 133 77 0 97 108 155 124 137 83 122 79 75
296 146 203 143 195 150 244 115 198 156 168 58 111 208 116 211 213 51 113 281 137 211 229 199 192 170 107 243 74 126 149 173 98 153 223 190 120 249 90 252 231 137 93 158 182 44 108 168 151 190 101 104 97 224 114 115 128 103 164 179 97 0 226 215 213 122 122 212 113 137
395 200 246 223 244 247 294 170 283 211 313 46 219 345 205 283 282 67 177 370 192 233 359 309 258 229 168 353 75 184 233 228 201 158 329 284 175 348 217 387 352 220 111 267 210 47 191 244 250 260 128 199 57 258 116 177 204 134 197 240 108 226 0 334 295 171 204 296 160 160
454 215 281 193 278 280 362 196 355 176 326 55 227 350 228 298 336 72 184 419 187 278 373 303 286 256 178 406 101 214 225 280 211 161 375 249 201 356 155 414 389 172 121 309 251 68 174 240 207 275 134 181 105 314 166 193 191 153 238 259 155 215 334 0 318 227 194 342 152 194
392 252 274 183 224 207 291 128 290 192 290 50 222 321 254 311 286 49 132 383 177 253 348 312 223 185 206 365 66 212 249 190 155 119 307 265 146 358 178 394 308 206 89 238 197 47 195 232 203 252 112 188 72 290 109 230 214 112 182 214 124 213 295 318 0 154 173 348 154 169
277 115 156 127 238 185 222 139 218 113 206 59 135 161 116 189 225 63 148 244 114 126 229 187 188 196 93 215 92 165 148 200 161 106 265 155 127 200 86 216 232 150 99 165 168 63 103 170 135 179 111 103 99 181 90 119 100 64 160 146 137 122 171 227 154 0 108 203 113 112
202 139 131 134 147 117 167 109 146 103 164 66 121 159 145 142 170 51 116 196 144 110 198 144 142 100 90 192 73 128 103 135 117 88 180 125 76 159 102 199 183 87 98 123 121 51 97 125 96 161 91 101 76 129 102 95 128 61 130 137 83 122 204 194 173 108 0 177 120 75
431 280 254 224 242 256 326 181 319 217 319 53 235 338 241 320 306 68 146 403 169 274 385 341 258 209 221 410 74 259 270 231 161 135 404 313 180 393 187 420 371 218 95 299 207 57 234 261 247 289 96 208 85 310 124 215 273 134 209 257 122 212 296 342 348 203 177 0 186 213
171 141 122 123 86 94 127 90 92 158 145 66 193 179 128 154 131 74 91 206 146 123 222 167 111 112 210 158 106 126 150 105 85 87 190 181 146 203 142 155 151 138 76 144 74 50 158 132 195 185 108 107 91 131 82 101 174 73 123 131 79 113 160 152 154 113 120 186 0 89
236 105 135 130 146 158 190 102 188 123 177 51 109 202 118 210 138 52 100 234 97 159 210 161 141 140 113 213 74 148 162 173 91 109 180 185 131 202 100 218 183 142 86 124 113 54 104 150 116 133 71 107 74 173 95 120 116 124 103 135 75 137 160 194 169 112 75 213 89 0
